Précision : 0.74
Courbe ROC (AUC = 0.74)
Taux de faux positifs : [0.         0.         0.         0.00114548 0.00114548 0.00229095
 0.00229095 0.00343643 0.00343643 0.0045819  0.0045819  0.00687285
 0.00687285 0.00801833 0.00801833 0.00801833 0.00801833 0.00801833
 0.00801833 0.00801833 0.0091638  0.0091638  0.01030928 0.01030928
 0.0137457  0.0137457  0.01489118 0.01489118 0.01603666 0.01603666
 0.01718213 0.01832761 0.01832761 0.01947308 0.02061856 0.02061856
 0.02061856 0.02176403 0.02176403 0.02176403 0.02290951 0.02290951
 0.02290951 0.02290951 0.02290951 0.02520046 0.02634593 0.02634593
 0.02863688 0.02863688 0.02978236 0.02978236 0.02978236 0.03092784
 0.03092784 0.03321879 0.03321879 0.03436426 0.03436426 0.03436426
 0.03436426 0.03550974 0.03550974 0.03665521 0.03665521 0.04009164
 0.04009164 0.04009164 0.04009164 0.04123711 0.04123711 0.04123711
 0.04238259 0.04352806 0.04352806 0.04581901 0.04581901 0.04696449
 0.04696449 0.04696449 0.04696449 0.04696449 0.04925544 0.05040092
 0.05040092 0.05154639 0.05154639 0.05383734 0.05498282 0.05498282
 0.05612829 0.06071019 0.06071019 0.06185567 0.0652921  0.0652921
 0.069874   0.069874   0.069874   0.069874   0.07101947 0.07101947
 0.07331042 0.07560137 0.07674685 0.07674685 0.07789233 0.07789233
 0.0790378  0.08018328 0.08018328 0.08018328 0.08132875 0.08132875
 0.0836197  0.0836197  0.08705613 0.08705613 0.09049255 0.09049255
 0.09049255 0.09163803 0.09163803 0.09163803 0.09278351 0.09392898
 0.09507446 0.09507446 0.09621993 0.09621993 0.09965636 0.09965636
 0.10080183 0.10080183 0.10080183 0.10194731 0.10423826 0.10538373
 0.10538373 0.10538373 0.10767468 0.10767468 0.10767468 0.10882016
 0.10882016 0.11111111 0.11111111 0.11111111 0.11225659 0.11340206
 0.11340206 0.11454754 0.11569301 0.11569301 0.11569301 0.11683849
 0.11683849 0.11798396 0.11912944 0.11912944 0.12142039 0.12485682
 0.12485682 0.12600229 0.12600229 0.13058419 0.13172967 0.13287514
 0.13287514 0.13402062 0.13402062 0.13516609 0.13516609 0.13516609
 0.13631157 0.13631157 0.14089347 0.14318442 0.1443299  0.14776632
 0.14776632 0.1489118  0.15234822 0.15463918 0.15578465 0.15578465
 0.16036655 0.16036655 0.16151203 0.16151203 0.1626575  0.16380298
 0.16380298 0.16494845 0.16494845 0.17296678 0.17296678 0.17296678
 0.17296678 0.17296678 0.17411226 0.17640321 0.17640321 0.17754868
 0.17869416 0.17869416 0.17983963 0.17983963 0.18213058 0.18327606
 0.18327606 0.18785796 0.18900344 0.18900344 0.19129439 0.19358534
 0.19473081 0.19587629 0.19587629 0.19702176 0.19931271 0.20045819
 0.20045819 0.20045819 0.20045819 0.20045819 0.20045819 0.20160367
 0.20160367 0.20274914 0.20274914 0.20389462 0.20389462 0.20847652
 0.21076747 0.21076747 0.21305842 0.21420389 0.21420389 0.21649485
 0.21649485 0.21649485 0.21649485 0.2187858  0.21993127 0.22565865
 0.22565865 0.22909507 0.22909507 0.23138603 0.23138603 0.2325315
 0.2325315  0.23482245 0.23482245 0.23596793 0.23596793 0.23940435
 0.24054983 0.24054983 0.24054983 0.2416953  0.2416953  0.24284078
 0.24398625 0.24513173 0.24513173 0.24513173 0.24627721 0.24627721
 0.24742268 0.24742268 0.24856816 0.24856816 0.24971363 0.25315006
 0.25429553 0.25429553 0.25544101 0.25544101 0.25544101 0.25544101
 0.25658648 0.25658648 0.25773196 0.25887743 0.25887743 0.26231386
 0.26345934 0.26345934 0.26575029 0.26575029 0.26575029 0.26689576
 0.26689576 0.26918671 0.26918671 0.27033219 0.27033219 0.27262314
 0.27376861 0.27376861 0.27491409 0.27491409 0.27605956 0.27605956
 0.27720504 0.27949599 0.27949599 0.28178694 0.28178694 0.28522337
 0.28865979 0.28980527 0.29095074 0.29095074 0.29209622 0.29209622
 0.2932417  0.2932417  0.29553265 0.29667812 0.29667812 0.2978236
 0.30011455 0.30011455 0.30126002 0.3024055  0.3024055  0.30469645
 0.30469645 0.30469645 0.30469645 0.30584192 0.30813288 0.30813288
 0.30927835 0.30927835 0.31271478 0.31271478 0.31386025 0.31500573
 0.31500573 0.31729668 0.31729668 0.31844215 0.31844215 0.31958763
 0.3207331  0.3207331  0.3207331  0.3207331  0.32302405 0.32416953
 0.32416953 0.32531501 0.32531501 0.32646048 0.32989691 0.33218786
 0.33447881 0.33447881 0.33562428 0.33791523 0.33791523 0.33906071
 0.34020619 0.34135166 0.34135166 0.34478809 0.34478809 0.34593356
 0.34822451 0.34822451 0.34936999 0.35051546 0.35051546 0.35166094
 0.35395189 0.35395189 0.35509737 0.35509737 0.35624284 0.35853379
 0.35853379 0.35967927 0.36197022 0.36197022 0.36197022 0.36311569
 0.36311569 0.36540664 0.36540664 0.36655212 0.36655212 0.36769759
 0.3722795  0.37342497 0.37457045 0.37800687 0.38029782 0.38029782
 0.3814433  0.38258877 0.38373425 0.38373425 0.38487973 0.38487973
 0.38831615 0.3906071  0.3906071  0.39175258 0.39289805 0.39289805
 0.39289805 0.39289805 0.395189   0.395189   0.39862543 0.3997709
 0.3997709  0.40435281 0.40664376 0.40778923 0.40778923 0.40893471
 0.41466208 0.41695304 0.41924399 0.42153494 0.42382589 0.42382589
 0.42611684 0.42726231 0.42726231 0.42726231 0.42840779 0.42840779
 0.42955326 0.42955326 0.43528064 0.43528064 0.43642612 0.43642612
 0.43757159 0.43757159 0.43986254 0.43986254 0.43986254 0.44215349
 0.44215349 0.44558992 0.44902635 0.44902635 0.45017182 0.45017182
 0.4513173  0.4513173  0.45246277 0.45360825 0.4558992  0.4558992
 0.45819015 0.45819015 0.4604811  0.46277205 0.46277205 0.46391753
 0.46849943 0.46849943 0.46849943 0.47079038 0.47079038 0.47308133
 0.47308133 0.47308133 0.4742268  0.4742268  0.47537228 0.47537228
 0.47766323 0.47766323 0.47995418 0.48453608 0.48453608 0.48568156
 0.49140893 0.49140893 0.49255441 0.49255441 0.49484536 0.49484536
 0.49599084 0.49599084 0.49713631 0.49942726 0.50057274 0.50057274
 0.50400916 0.50515464 0.50630011 0.50630011 0.50859107 0.50859107
 0.50973654 0.51317297 0.51546392 0.51546392 0.51660939 0.51660939
 0.51890034 0.52004582 0.52004582 0.52004582 0.52233677 0.52348225
 0.52348225 0.52348225 0.52348225 0.52348225 0.52348225 0.52462772
 0.52462772 0.52462772 0.52691867 0.52691867 0.52691867 0.52806415
 0.52806415 0.52920962 0.52920962 0.5303551  0.5303551  0.53150057
 0.53150057 0.53379152 0.53379152 0.53722795 0.53722795 0.53722795
 0.54066438 0.54066438 0.54295533 0.54295533 0.5441008  0.5441008
 0.5441008  0.5441008  0.96449026 0.96563574 0.96563574 0.96563574
 0.96678121 0.96678121 0.97136312 0.97136312 0.97709049 0.97709049
 0.97823597 0.97938144 0.98052692 0.98052692 0.98396334 0.98396334
 0.98510882 0.98510882 0.98510882 0.9862543  0.9862543  0.98739977
 0.98739977 0.98854525 0.99312715 0.99312715 0.99427262 0.99427262
 0.9954181  0.9954181  0.99770905 0.99770905 1.        ]
Taux de vrais positifs : [0.00000000e+00 9.52380952e-04 4.76190476e-03 4.76190476e-03
 6.66666667e-03 6.66666667e-03 7.61904762e-03 7.61904762e-03
 9.52380952e-03 9.52380952e-03 1.14285714e-02 1.14285714e-02
 1.23809524e-02 1.23809524e-02 1.42857143e-02 1.61904762e-02
 1.80952381e-02 2.00000000e-02 2.38095238e-02 2.57142857e-02
 2.66666667e-02 2.76190476e-02 2.95238095e-02 3.14285714e-02
 3.14285714e-02 3.23809524e-02 3.23809524e-02 3.52380952e-02
 3.52380952e-02 3.71428571e-02 3.71428571e-02 3.80952381e-02
 3.90476190e-02 3.90476190e-02 4.00000000e-02 4.19047619e-02
 4.38095238e-02 4.38095238e-02 4.95238095e-02 5.52380952e-02
 5.52380952e-02 5.71428571e-02 5.80952381e-02 6.00000000e-02
 6.19047619e-02 6.19047619e-02 6.38095238e-02 6.57142857e-02
 6.57142857e-02 6.76190476e-02 6.76190476e-02 7.04761905e-02
 7.23809524e-02 7.23809524e-02 7.33333333e-02 7.33333333e-02
 7.42857143e-02 7.42857143e-02 7.61904762e-02 7.80952381e-02
 7.90476190e-02 7.90476190e-02 8.09523810e-02 8.09523810e-02
 8.19047619e-02 9.04761905e-02 9.14285714e-02 9.33333333e-02
 9.80952381e-02 9.80952381e-02 1.00000000e-01 1.00952381e-01
 1.03809524e-01 1.03809524e-01 1.04761905e-01 1.04761905e-01
 1.07619048e-01 1.07619048e-01 1.09523810e-01 1.10476190e-01
 1.12380952e-01 1.13333333e-01 1.13333333e-01 1.14285714e-01
 1.16190476e-01 1.17142857e-01 1.18095238e-01 1.18095238e-01
 1.19047619e-01 1.20000000e-01 1.20000000e-01 1.23809524e-01
 1.26666667e-01 1.26666667e-01 1.26666667e-01 1.27619048e-01
 1.40000000e-01 1.41904762e-01 1.44761905e-01 1.46666667e-01
 1.46666667e-01 1.49523810e-01 1.49523810e-01 1.49523810e-01
 1.49523810e-01 1.50476190e-01 1.50476190e-01 1.51428571e-01
 1.52380952e-01 1.52380952e-01 1.53333333e-01 1.61904762e-01
 1.61904762e-01 1.63809524e-01 1.63809524e-01 1.64761905e-01
 1.64761905e-01 1.68571429e-01 1.73333333e-01 1.75238095e-01
 1.76190476e-01 1.79047619e-01 1.80952381e-01 1.84761905e-01
 1.84761905e-01 1.85714286e-01 1.85714286e-01 1.86666667e-01
 1.86666667e-01 1.88571429e-01 1.99047619e-01 2.04761905e-01
 2.04761905e-01 2.06666667e-01 2.07619048e-01 2.07619048e-01
 2.15238095e-01 2.17142857e-01 2.18095238e-01 2.20000000e-01
 2.20000000e-01 2.21904762e-01 2.22857143e-01 2.22857143e-01
 2.23809524e-01 2.23809524e-01 2.24761905e-01 2.27619048e-01
 2.27619048e-01 2.36190476e-01 2.38095238e-01 2.38095238e-01
 2.39047619e-01 2.40952381e-01 2.41904762e-01 2.41904762e-01
 2.43809524e-01 2.44761905e-01 2.54285714e-01 2.55238095e-01
 2.55238095e-01 2.55238095e-01 2.56190476e-01 2.56190476e-01
 2.58095238e-01 2.58095238e-01 2.58095238e-01 2.69523810e-01
 2.71428571e-01 2.71428571e-01 2.73333333e-01 2.73333333e-01
 2.74285714e-01 2.76190476e-01 2.76190476e-01 2.77142857e-01
 2.77142857e-01 2.92380952e-01 2.93333333e-01 2.93333333e-01
 2.94285714e-01 2.94285714e-01 2.94285714e-01 2.94285714e-01
 3.06666667e-01 3.07619048e-01 3.07619048e-01 3.09523810e-01
 3.09523810e-01 3.10476190e-01 3.10476190e-01 3.27619048e-01
 3.29523810e-01 3.29523810e-01 3.30476190e-01 3.40952381e-01
 3.43809524e-01 3.45714286e-01 3.47619048e-01 3.48571429e-01
 3.48571429e-01 3.59047619e-01 3.60000000e-01 3.60000000e-01
 3.62857143e-01 3.65714286e-01 3.65714286e-01 3.66666667e-01
 3.66666667e-01 3.66666667e-01 3.69523810e-01 3.90476190e-01
 3.90476190e-01 3.92380952e-01 3.92380952e-01 3.93333333e-01
 3.95238095e-01 3.95238095e-01 3.97142857e-01 3.97142857e-01
 3.97142857e-01 3.97142857e-01 4.00000000e-01 4.11428571e-01
 4.12380952e-01 4.14285714e-01 4.15238095e-01 4.15238095e-01
 4.17142857e-01 4.17142857e-01 4.18095238e-01 4.18095238e-01
 4.20952381e-01 4.20952381e-01 4.20952381e-01 4.22857143e-01
 4.40952381e-01 4.41904762e-01 4.43809524e-01 4.43809524e-01
 4.44761905e-01 4.46666667e-01 4.48571429e-01 4.48571429e-01
 4.49523810e-01 4.64761905e-01 4.66666667e-01 4.66666667e-01
 4.68571429e-01 4.68571429e-01 4.69523810e-01 4.69523810e-01
 4.71428571e-01 4.85714286e-01 4.86666667e-01 4.88571429e-01
 4.92380952e-01 4.92380952e-01 4.93333333e-01 4.94285714e-01
 4.98095238e-01 4.98095238e-01 4.99047619e-01 4.99047619e-01
 5.17142857e-01 5.17142857e-01 5.19047619e-01 5.21904762e-01
 5.21904762e-01 5.23809524e-01 5.23809524e-01 5.27619048e-01
 5.27619048e-01 5.28571429e-01 5.28571429e-01 5.29523810e-01
 5.30476190e-01 5.31428571e-01 5.31428571e-01 5.47619048e-01
 5.48571429e-01 5.50476190e-01 5.50476190e-01 5.53333333e-01
 5.55238095e-01 5.55238095e-01 5.57142857e-01 5.63809524e-01
 5.63809524e-01 5.66666667e-01 5.66666667e-01 5.67619048e-01
 5.69523810e-01 5.69523810e-01 5.74285714e-01 5.74285714e-01
 5.75238095e-01 5.75238095e-01 5.76190476e-01 5.89523810e-01
 5.89523810e-01 5.91428571e-01 5.91428571e-01 5.92380952e-01
 5.94285714e-01 5.95238095e-01 5.95238095e-01 5.96190476e-01
 5.97142857e-01 5.97142857e-01 5.98095238e-01 6.11428571e-01
 6.11428571e-01 6.12380952e-01 6.12380952e-01 6.13333333e-01
 6.13333333e-01 6.15238095e-01 6.15238095e-01 6.16190476e-01
 6.26666667e-01 6.26666667e-01 6.27619048e-01 6.27619048e-01
 6.27619048e-01 6.29523810e-01 6.29523810e-01 6.31428571e-01
 6.32380952e-01 6.32380952e-01 6.33333333e-01 6.41904762e-01
 6.43809524e-01 6.46666667e-01 6.46666667e-01 6.47619048e-01
 6.47619048e-01 6.50476190e-01 6.50476190e-01 6.52380952e-01
 6.64761905e-01 6.65714286e-01 6.66666667e-01 6.66666667e-01
 6.69523810e-01 6.70476190e-01 6.71428571e-01 6.71428571e-01
 6.75238095e-01 6.76190476e-01 6.78095238e-01 6.79047619e-01
 6.79047619e-01 6.80000000e-01 6.81904762e-01 6.81904762e-01
 6.82857143e-01 6.85714286e-01 6.85714286e-01 6.85714286e-01
 6.98095238e-01 6.99047619e-01 6.99047619e-01 6.99047619e-01
 7.04761905e-01 7.04761905e-01 7.14285714e-01 7.15238095e-01
 7.20000000e-01 7.20000000e-01 7.20952381e-01 7.20952381e-01
 7.28571429e-01 7.29523810e-01 7.29523810e-01 7.30476190e-01
 7.32380952e-01 7.32380952e-01 7.32380952e-01 7.34285714e-01
 7.36190476e-01 7.37142857e-01 7.37142857e-01 7.37142857e-01
 7.38095238e-01 7.38095238e-01 7.44761905e-01 7.47619048e-01
 7.48571429e-01 7.50476190e-01 7.52380952e-01 7.52380952e-01
 7.53333333e-01 7.53333333e-01 7.54285714e-01 7.54285714e-01
 7.54285714e-01 7.55238095e-01 7.55238095e-01 7.63809524e-01
 7.64761905e-01 7.65714286e-01 7.66666667e-01 7.66666667e-01
 7.67619048e-01 7.68571429e-01 7.68571429e-01 7.70476190e-01
 7.70476190e-01 7.70476190e-01 7.73333333e-01 7.73333333e-01
 7.82857143e-01 7.84761905e-01 7.87619048e-01 7.88571429e-01
 7.88571429e-01 7.89523810e-01 7.89523810e-01 7.89523810e-01
 7.91428571e-01 7.91428571e-01 7.92380952e-01 7.92380952e-01
 7.93333333e-01 7.93333333e-01 8.06666667e-01 8.07619048e-01
 8.09523810e-01 8.10476190e-01 8.10476190e-01 8.11428571e-01
 8.14285714e-01 8.14285714e-01 8.16190476e-01 8.17142857e-01
 8.17142857e-01 8.18095238e-01 8.18095238e-01 8.20000000e-01
 8.20000000e-01 8.20952381e-01 8.20952381e-01 8.21904762e-01
 8.21904762e-01 8.22857143e-01 8.30476190e-01 8.33333333e-01
 8.37142857e-01 8.37142857e-01 8.38095238e-01 8.48571429e-01
 8.48571429e-01 8.49523810e-01 8.49523810e-01 8.50476190e-01
 8.50476190e-01 8.52380952e-01 8.60000000e-01 8.60952381e-01
 8.60952381e-01 8.62857143e-01 8.62857143e-01 8.63809524e-01
 8.63809524e-01 8.66666667e-01 8.68571429e-01 8.70476190e-01
 8.70476190e-01 8.72380952e-01 8.74285714e-01 8.74285714e-01
 8.76190476e-01 8.80000000e-01 8.81904762e-01 8.84761905e-01
 8.84761905e-01 8.86666667e-01 8.86666667e-01 8.87619048e-01
 8.87619048e-01 8.92380952e-01 8.93333333e-01 8.93333333e-01
 8.94285714e-01 8.94285714e-01 8.99047619e-01 9.00952381e-01
 9.00952381e-01 9.02857143e-01 9.02857143e-01 9.03809524e-01
 9.08571429e-01 9.10476190e-01 9.10476190e-01 9.10476190e-01
 9.10476190e-01 9.12380952e-01 9.12380952e-01 9.13333333e-01
 9.13333333e-01 9.15238095e-01 9.15238095e-01 9.16190476e-01
 9.16190476e-01 9.18095238e-01 9.18095238e-01 9.19047619e-01
 9.19047619e-01 9.21904762e-01 9.22857143e-01 9.22857143e-01
 9.23809524e-01 9.25714286e-01 9.31428571e-01 9.32380952e-01
 9.33333333e-01 9.37142857e-01 9.39047619e-01 9.40952381e-01
 9.42857143e-01 9.42857143e-01 9.43809524e-01 9.46666667e-01
 9.46666667e-01 9.48571429e-01 9.51428571e-01 9.51428571e-01
 9.54285714e-01 9.54285714e-01 9.56190476e-01 9.56190476e-01
 9.57142857e-01 9.58095238e-01 9.60000000e-01 9.60000000e-01
 9.61904762e-01 9.61904762e-01 9.63809524e-01 9.65714286e-01
 9.65714286e-01 9.66666667e-01 9.66666667e-01 9.67619048e-01
 9.67619048e-01 9.69523810e-01 9.71428571e-01 9.76190476e-01
 9.76190476e-01 9.76190476e-01 9.77142857e-01 9.79047619e-01
 9.80000000e-01 9.80952381e-01 9.80952381e-01 9.81904762e-01
 9.81904762e-01 9.84761905e-01 9.84761905e-01 9.85714286e-01
 9.85714286e-01 9.86666667e-01 9.86666667e-01 9.87619048e-01
 9.87619048e-01 9.89523810e-01 9.91428571e-01 9.91428571e-01
 9.92380952e-01 9.92380952e-01 9.93333333e-01 9.94285714e-01
 9.94285714e-01 9.96190476e-01 9.96190476e-01 9.97142857e-01
 9.97142857e-01 9.99047619e-01 9.99047619e-01 1.00000000e+00
 1.00000000e+00]
